1.000000e+00 7.775000e-16
1.009300e+00 7.226000e-16
1.018600e+00 6.716000e-16
1.028000e+00 6.241000e-16
1.037600e+00 5.801000e-16
1.047200e+00 5.391000e-16
1.056900e+00 5.011000e-16
1.066700e+00 4.657000e-16
1.076500e+00 4.328000e-16
1.086500e+00 4.023000e-16
1.096600e+00 3.739000e-16
1.106700e+00 3.476000e-16
1.117000e+00 3.230000e-16
1.127300e+00 3.003000e-16
1.137800e+00 2.791000e-16
1.148300e+00 2.594000e-16
1.158900e+00 2.411000e-16
1.169700e+00 2.242000e-16
1.180500e+00 2.084000e-16
1.191500e+00 1.937000e-16
1.202500e+00 1.801000e-16
1.213600e+00 1.674000e-16
1.224900e+00 1.556000e-16
1.236200e+00 1.447000e-16
1.247700e+00 1.345000e-16
1.259200e+00 1.250000e-16
1.270900e+00 1.162000e-16
1.282600e+00 1.081000e-16
1.294500e+00 1.005000e-16
1.306500e+00 9.340000e-17
1.318600e+00 8.684000e-17
1.330800e+00 8.074000e-17
1.343200e+00 7.507000e-17
1.355600e+00 6.980000e-17
1.368200e+00 6.490000e-17
1.380800e+00 6.035000e-17
1.393600e+00 5.612000e-17
1.406500e+00 5.218000e-17
1.419600e+00 4.852000e-17
1.432700e+00 4.512000e-17
1.446000e+00 4.196000e-17
1.459400e+00 3.902000e-17
1.472900e+00 3.629000e-17
1.486500e+00 3.375000e-17
1.500300e+00 3.139000e-17
1.514200e+00 2.919000e-17
1.528200e+00 2.715000e-17
1.542400e+00 2.525000e-17
1.556700e+00 2.349000e-17
1.571100e+00 2.185000e-17
1.585600e+00 2.032000e-17
1.600300e+00 1.890000e-17
1.615100e+00 1.758000e-17
1.630100e+00 1.636000e-17
1.645200e+00 1.522000e-17
1.660400e+00 1.416000e-17
1.675800e+00 1.317000e-17
1.691300e+00 1.225000e-17
1.707000e+00 1.140000e-17
1.722800e+00 1.061000e-17
1.738800e+00 9.868000e-18
1.754900e+00 9.182000e-18
1.771100e+00 8.544000e-18
1.787500e+00 7.951000e-18
1.804100e+00 7.399000e-18
1.820800e+00 6.886000e-18
1.837700e+00 6.410000e-18
1.854700e+00 5.973000e-18
1.871900e+00 5.680000e-18
1.889200e+00 5.217000e-18
1.906700e+00 4.815000e-18
1.924400e+00 4.478000e-18
1.942200e+00 4.167000e-18
1.960200e+00 3.878000e-18
1.978300e+00 3.610000e-18
1.996600e+00 3.361000e-18
2.015100e+00 3.129000e-18
2.033800e+00 2.913000e-18
2.052600e+00 2.712000e-18
2.071600e+00 2.525000e-18
2.090800e+00 2.351000e-18
2.110200e+00 2.189000e-18
2.129700e+00 2.038000e-18
2.149500e+00 1.898000e-18
2.169400e+00 1.768000e-18
2.189500e+00 1.646000e-18
2.209800e+00 1.533000e-18
2.230200e+00 1.428000e-18
2.250900e+00 1.330000e-18
2.271700e+00 1.239000e-18
2.292800e+00 1.154000e-18
2.314000e+00 1.075000e-18
2.335400e+00 1.002000e-18
2.357100e+00 9.335000e-19
2.378900e+00 8.698000e-19
2.400900e+00 8.104000e-19
2.423200e+00 7.552000e-19
2.445600e+00 7.038000e-19
2.468300e+00 6.559000e-19
2.491100e+00 6.112000e-19
2.514200e+00 5.697000e-19
2.537500e+00 5.310000e-19
2.561000e+00 4.950000e-19
2.584700e+00 4.614000e-19
2.608700e+00 4.301000e-19
2.632800e+00 4.010000e-19
2.657200e+00 3.739000e-19
2.681800e+00 3.486000e-19
2.706700e+00 3.251000e-19
2.731700e+00 3.031000e-19
2.757000e+00 2.827000e-19
2.782600e+00 2.636000e-19
2.808300e+00 2.459000e-19
2.834300e+00 2.293000e-19
2.860600e+00 2.139000e-19
2.887100e+00 1.996000e-19
2.913800e+00 1.862000e-19
2.940800e+00 1.737000e-19
2.968100e+00 1.621000e-19
2.995500e+00 1.512000e-19
3.023300e+00 1.411000e-19
3.051300e+00 1.317000e-19
3.079600e+00 1.229000e-19
3.108100e+00 1.147000e-19
3.136900e+00 1.071000e-19
3.165900e+00 9.997000e-20
3.195200e+00 9.333000e-20
3.224800e+00 8.714000e-20
3.254700e+00 8.136000e-20
3.284900e+00 7.598000e-20
3.315300e+00 7.095000e-20
3.346000e+00 6.626000e-20
3.377000e+00 6.189000e-20
3.408300e+00 5.781000e-20
3.439800e+00 5.401000e-20
3.471700e+00 5.046000e-20
3.503800e+00 4.714000e-20
3.536300e+00 4.405000e-20
3.569000e+00 4.117000e-20
3.602100e+00 3.848000e-20
3.635500e+00 3.596000e-20
3.669100e+00 3.362000e-20
3.703100e+00 3.143000e-20
3.737400e+00 2.939000e-20
3.772000e+00 2.748000e-20
3.807000e+00 2.570000e-20
3.842200e+00 2.404000e-20
3.877800e+00 2.249000e-20
3.913700e+00 2.104000e-20
3.950000e+00 1.969000e-20
3.986600e+00 1.843000e-20
4.023500e+00 1.725000e-20
4.060800e+00 1.615000e-20
4.098400e+00 1.512000e-20
4.136300e+00 1.416000e-20
4.174700e+00 1.326000e-20
4.213300e+00 1.242000e-20
4.252300e+00 1.164000e-20
4.291700e+00 1.091000e-20
4.331500e+00 1.023000e-20
4.371600e+00 9.592000e-21
4.412100e+00 8.997000e-21
4.453000e+00 8.441000e-21
4.494200e+00 7.922000e-21
4.535800e+00 7.437000e-21
4.577800e+00 6.984000e-21
4.620200e+00 6.561000e-21
4.663000e+00 6.167000e-21
4.706200e+00 5.798000e-21
4.749800e+00 5.453000e-21
4.793800e+00 5.131000e-21
4.838200e+00 4.831000e-21
4.883000e+00 4.550000e-21
4.928200e+00 4.288000e-21
4.973900e+00 4.044000e-21
5.020000e+00 3.815000e-21
5.066500e+00 3.602000e-21
5.113400e+00 3.403000e-21
5.160700e+00 3.217000e-21
5.208500e+00 3.043000e-21
5.256800e+00 2.881000e-21
5.305500e+00 2.729000e-21
5.354600e+00 2.588000e-21
5.404200e+00 2.456000e-21
5.454300e+00 2.333000e-21
5.504800e+00 2.218000e-21
5.555800e+00 2.110000e-21
5.607200e+00 2.010000e-21
5.659200e+00 1.916000e-21
5.711600e+00 1.828000e-21
5.764500e+00 1.747000e-21
5.817900e+00 1.670000e-21
5.871800e+00 1.598000e-21
5.926200e+00 1.531000e-21
5.981000e+00 1.468000e-21
6.036400e+00 1.410000e-21
6.092300e+00 1.355000e-21
6.148800e+00 1.303000e-21
6.205700e+00 1.254000e-21
6.263200e+00 1.209000e-21
6.321200e+00 1.166000e-21
6.379800e+00 1.126000e-21
6.438900e+00 1.088000e-21
6.498500e+00 1.052000e-21
6.558700e+00 1.018000e-21
6.619400e+00 9.861000e-22
6.680700e+00 9.559000e-22
6.742600e+00 9.273000e-22
6.805100e+00 9.001000e-22
6.868100e+00 8.744000e-22
6.931700e+00 8.499000e-22
6.995900e+00 8.265000e-22
7.060700e+00 8.043000e-22
7.126100e+00 7.831000e-22
7.192100e+00 7.629000e-22
7.258700e+00 7.435000e-22
7.326000e+00 7.250000e-22
7.393800e+00 7.072000e-22
7.462300e+00 6.901000e-22
7.531400e+00 6.737000e-22
7.601200e+00 6.580000e-22
7.671600e+00 6.428000e-22
7.742600e+00 6.282000e-22
7.814400e+00 6.141000e-22
7.886700e+00 6.005000e-22
7.959800e+00 5.874000e-22
8.033500e+00 5.709300e-22
8.107900e+00 5.584000e-22
8.183000e+00 5.463600e-22
8.258800e+00 5.345900e-22
8.335300e+00 5.232000e-22
8.412500e+00 5.121900e-22
8.490400e+00 5.014600e-22
8.569100e+00 4.909900e-22
8.648400e+00 4.808900e-22
8.728500e+00 4.709600e-22
8.809400e+00 4.613800e-22
8.891000e+00 4.520600e-22
8.973300e+00 4.429900e-22
9.056400e+00 4.340600e-22
9.140300e+00 4.254600e-22
9.225000e+00 4.170900e-22
9.310400e+00 4.089400e-22
9.396600e+00 4.009900e-22
9.483700e+00 3.933200e-22
9.571500e+00 3.857200e-22
9.660200e+00 3.784800e-22
9.749600e+00 3.713500e-22
9.840000e+00 3.644200e-22
9.931100e+00 3.577400e-22
1.002300e+01 3.512700e-22
1.011600e+01 3.444100e-22
1.021000e+01 3.376800e-22
1.030400e+01 3.311500e-22
1.040000e+01 3.246600e-22
1.049600e+01 3.183600e-22
1.059300e+01 3.121700e-22
1.069100e+01 3.061000e-22
1.079000e+01 3.001400e-22
1.089000e+01 2.942900e-22
1.099100e+01 2.885500e-22
1.109300e+01 2.829200e-22
1.119600e+01 2.773900e-22
1.129900e+01 2.720200e-22
1.140400e+01 2.667100e-22
1.151000e+01 2.615000e-22
1.161600e+01 2.564300e-22
1.172400e+01 2.514200e-22
1.183200e+01 2.465500e-22
1.194200e+01 2.417300e-22
1.205300e+01 2.370000e-22
1.216400e+01 2.324100e-22
1.227700e+01 2.278700e-22
1.239100e+01 2.234200e-22
1.250500e+01 2.191000e-22
1.262100e+01 2.148300e-22
1.273800e+01 2.106400e-22
1.285600e+01 2.065400e-22
1.297500e+01 2.025200e-22
1.309500e+01 1.985800e-22
1.321700e+01 1.946900e-22
1.333900e+01 1.909100e-22
1.346300e+01 1.871800e-22
1.358700e+01 1.835500e-22
1.371300e+01 1.799700e-22
1.384000e+01 1.764700e-22
1.396800e+01 1.730300e-22
1.409800e+01 1.696500e-22
1.422800e+01 1.663600e-22
1.436000e+01 1.631100e-22
1.449300e+01 1.599400e-22
1.462700e+01 1.568300e-22
1.476300e+01 1.537600e-22
1.490000e+01 1.507600e-22
1.503800e+01 1.478200e-22
1.517700e+01 1.449500e-22
1.531700e+01 1.421400e-22
1.545900e+01 1.393700e-22
1.560200e+01 1.366600e-22
1.574700e+01 1.339900e-22
1.589300e+01 1.313700e-22
1.604000e+01 1.288200e-22
1.618900e+01 1.263000e-22
1.633900e+01 1.238400e-22
1.649000e+01 1.214300e-22
1.664300e+01 1.190600e-22
1.679700e+01 1.167500e-22
1.695200e+01 1.144800e-22
1.710900e+01 1.122500e-22
1.726800e+01 1.100600e-22
1.742800e+01 1.079100e-22
1.758900e+01 1.058200e-22
1.775200e+01 1.037600e-22
1.791700e+01 1.017300e-22
1.808200e+01 9.975800e-23
1.825000e+01 9.780900e-23
1.841900e+01 9.590500e-23
1.859000e+01 9.403200e-23
1.876200e+01 9.220300e-23
1.893600e+01 9.040500e-23
1.911100e+01 8.864800e-23
1.928800e+01 8.692100e-23
1.946700e+01 8.522500e-23
1.964700e+01 8.356800e-23
1.982900e+01 8.194000e-23
2.001200e+01 8.017900e-23
2.019800e+01 7.854300e-23
2.038500e+01 7.694700e-23
2.057400e+01 7.539000e-23
2.076400e+01 7.386300e-23
2.095700e+01 7.237500e-23
2.115100e+01 7.091700e-23
2.134700e+01 6.949700e-23
2.154400e+01 6.809800e-23
2.174400e+01 6.674700e-23
2.194500e+01 6.541500e-23
2.214900e+01 6.411200e-23
2.235400e+01 6.284800e-23
2.256100e+01 6.160300e-23
2.277000e+01 6.039700e-23
2.298100e+01 5.920800e-23
2.319300e+01 5.805800e-23
2.340800e+01 5.692600e-23
2.362500e+01 5.583100e-23
2.384400e+01 5.475300e-23
2.406500e+01 5.370200e-23
2.428800e+01 5.268800e-23
2.451300e+01 5.168900e-23
2.474000e+01 5.072600e-23
2.496900e+01 4.978700e-23
2.520000e+01 4.888100e-23
2.543300e+01 4.773300e-23
2.566900e+01 4.660900e-23
2.590700e+01 4.551100e-23
2.614700e+01 4.444100e-23
2.638900e+01 4.339600e-23
2.663300e+01 4.237800e-23
2.688000e+01 4.138000e-23
2.712900e+01 4.040600e-23
2.738000e+01 3.945700e-23
2.763400e+01 3.852800e-23
2.789000e+01 3.762200e-23
2.814800e+01 3.673800e-23
2.840900e+01 3.587300e-23
2.867200e+01 3.503000e-23
2.893800e+01 3.420500e-23
2.920600e+01 3.340000e-23
2.947600e+01 3.261600e-23
2.974900e+01 3.184900e-23
3.002500e+01 3.109900e-23
3.030300e+01 3.036800e-23
3.058300e+01 2.965500e-23
3.086700e+01 2.895600e-23
3.115300e+01 2.827500e-23
3.144100e+01 2.761100e-23
3.173200e+01 2.696200e-23
3.202600e+01 2.632800e-23
3.232300e+01 2.570800e-23
3.262200e+01 2.510400e-23
3.292400e+01 2.451400e-23
3.322900e+01 2.393800e-23
3.353700e+01 2.337400e-23
3.384800e+01 2.282400e-23
3.416100e+01 2.228800e-23
3.447800e+01 2.176300e-23
3.479700e+01 2.125200e-23
3.511900e+01 2.075200e-23
3.544500e+01 2.026300e-23
3.577300e+01 1.978700e-23
3.610400e+01 1.932200e-23
3.643900e+01 1.886700e-23
3.677600e+01 1.842400e-23
3.711700e+01 1.799000e-23
3.746100e+01 1.756700e-23
3.780700e+01 1.715500e-23
3.815800e+01 1.675000e-23
3.851100e+01 1.635700e-23
3.886800e+01 1.597200e-23
3.922800e+01 1.559600e-23
3.959100e+01 1.523000e-23
3.995800e+01 1.487100e-23
4.032800e+01 1.453700e-23
4.070100e+01 1.422600e-23
4.107800e+01 1.390900e-23
4.145900e+01 1.359700e-23
4.184300e+01 1.329000e-23
4.223000e+01 1.300000e-23
4.262200e+01 1.270600e-23
4.301600e+01 1.241900e-23
4.341500e+01 1.213900e-23
4.381700e+01 1.186700e-23
4.422300e+01 1.159200e-23
4.463200e+01 1.132500e-23
4.504600e+01 1.106700e-23
4.546300e+01 1.081700e-23
4.588400e+01 1.056600e-23
4.630900e+01 1.032300e-23
4.673800e+01 1.009000e-23
4.717100e+01 9.854600e-24
4.760800e+01 9.628900e-24
4.804900e+01 9.404100e-24
4.849400e+01 9.186500e-24
4.894300e+01 8.973200e-24
4.939600e+01 8.765200e-24
4.985400e+01 8.562600e-24
5.031500e+01 8.364400e-24
5.078200e+01 8.171800e-24
5.125200e+01 7.982500e-24
5.172700e+01 7.798900e-24
5.220600e+01 7.618800e-24
5.268900e+01 7.444300e-24
5.317700e+01 7.273400e-24
5.367000e+01 7.108300e-24
5.416700e+01 6.946800e-24
5.466900e+01 6.789000e-24
5.517500e+01 6.636000e-24
5.568600e+01 6.487700e-24
5.620200e+01 6.343200e-24
5.672200e+01 6.203500e-24
5.724800e+01 6.067600e-24
5.777800e+01 5.935600e-24
5.831300e+01 5.808300e-24
5.885300e+01 5.684900e-24
5.939800e+01 5.565400e-24
5.994800e+01 5.449700e-24
6.050400e+01 5.338000e-24
6.106400e+01 5.230100e-24
6.163000e+01 5.126100e-24
6.220000e+01 5.026000e-24
6.277700e+01 4.928800e-24
6.335800e+01 4.836500e-24
6.394500e+01 4.747200e-24
6.453700e+01 4.661800e-24
6.513500e+01 4.580400e-24
6.573800e+01 4.501900e-24
6.634700e+01 4.427400e-24
6.696200e+01 4.355800e-24
6.758200e+01 4.287100e-24
6.820800e+01 4.222500e-24
6.884000e+01 4.160800e-24
6.947700e+01 4.103100e-24
7.012100e+01 4.047300e-24
7.077000e+01 3.995500e-24
7.142600e+01 3.945600e-24
7.208700e+01 3.899800e-24
7.275500e+01 3.855900e-24
7.342900e+01 3.814900e-24
7.410900e+01 3.776000e-24
7.479500e+01 3.741000e-24
7.548800e+01 3.706900e-24
7.618700e+01 3.675900e-24
7.689300e+01 3.647800e-24
7.760500e+01 3.621600e-24
7.832400e+01 3.597500e-24
7.904900e+01 3.574200e-24
7.978100e+01 3.553900e-24
8.052000e+01 3.535600e-24
8.126600e+01 3.519300e-24
8.201900e+01 3.503900e-24
8.277900e+01 3.490400e-24
8.354500e+01 3.477900e-24
8.431900e+01 3.467400e-24
8.510000e+01 3.458800e-24
8.588800e+01 3.450100e-24
8.668400e+01 3.443400e-24
8.748700e+01 3.437600e-24
8.829700e+01 3.432800e-24
8.911500e+01 3.429900e-24
8.994000e+01 3.427000e-24
9.077300e+01 3.425000e-24
9.161400e+01 3.423000e-24
9.246300e+01 3.422900e-24
9.331900e+01 3.422700e-24
9.418300e+01 3.423600e-24
9.505600e+01 3.424300e-24
9.593600e+01 3.426000e-24
9.682500e+01 3.428700e-24
9.772100e+01 3.431300e-24
9.862700e+01 3.433800e-24
9.954000e+01 3.437300e-24
1.004600e+02 3.465300e-24
1.013900e+02 3.466700e-24
1.023300e+02 3.469100e-24
1.032800e+02 3.471500e-24
1.042400e+02 3.473800e-24
1.052000e+02 3.476100e-24
1.061800e+02 3.478300e-24
1.071600e+02 3.481600e-24
1.081500e+02 3.484800e-24
1.091500e+02 3.486900e-24
1.101600e+02 3.490000e-24
1.111800e+02 3.493000e-24
1.122100e+02 3.496000e-24
1.132500e+02 3.498900e-24
1.143000e+02 3.501800e-24
1.153600e+02 3.504600e-24
1.164300e+02 3.508300e-24
1.175100e+02 3.510900e-24
1.186000e+02 3.513400e-24
1.197000e+02 3.515800e-24
1.208000e+02 3.519100e-24
1.219200e+02 3.521300e-24
1.230500e+02 3.524400e-24
1.241900e+02 3.526300e-24
1.253400e+02 3.529000e-24
1.265000e+02 3.531600e-24
1.276800e+02 3.533900e-24
1.288600e+02 3.536000e-24
1.300500e+02 3.537900e-24
1.312600e+02 3.540500e-24
1.324700e+02 3.542800e-24
1.337000e+02 3.544600e-24
1.349400e+02 3.547100e-24
1.361900e+02 3.549100e-24
1.374500e+02 3.551600e-24
1.387200e+02 3.553400e-24
1.400100e+02 3.555400e-24
1.413000e+02 3.557700e-24
1.426100e+02 3.559900e-24
1.439300e+02 3.563000e-24
1.452700e+02 3.565500e-24
1.466100e+02 3.568500e-24
1.479700e+02 3.571400e-24
1.493400e+02 3.574800e-24
1.507200e+02 3.579200e-24
1.521200e+02 3.583500e-24
1.535300e+02 3.588000e-24
1.549500e+02 3.594400e-24
1.563800e+02 3.600500e-24
1.578300e+02 3.608500e-24
1.593000e+02 3.617200e-24
1.607700e+02 3.627500e-24
1.622600e+02 3.623200e-24
1.637600e+02 3.618900e-24
1.652800e+02 3.614600e-24
1.668100e+02 3.610300e-24
1.683600e+02 3.606000e-24
1.699100e+02 3.601700e-24
1.714900e+02 3.597400e-24
1.730800e+02 3.593100e-24
1.746800e+02 3.588800e-24
1.763000e+02 3.584600e-24
1.779300e+02 3.580300e-24
1.795800e+02 3.576000e-24
1.812400e+02 3.571800e-24
1.829200e+02 3.567500e-24
1.846100e+02 3.563300e-24
1.863200e+02 3.559100e-24
1.880500e+02 3.554800e-24
1.897900e+02 3.550600e-24
1.915500e+02 3.546300e-24
1.933200e+02 3.542100e-24
1.951100e+02 3.537900e-24
1.969200e+02 3.533700e-24
1.987500e+02 3.529500e-24
2.005900e+02 3.541800e-24
2.024400e+02 3.553000e-24
2.043200e+02 3.564700e-24
2.062100e+02 3.576800e-24
2.081200e+02 3.589000e-24
2.100500e+02 3.601000e-24
2.120000e+02 3.614000e-24
2.139600e+02 3.626500e-24
2.159400e+02 3.639700e-24
2.179400e+02 3.653900e-24
2.199600e+02 3.667200e-24
2.220000e+02 3.681800e-24
2.240500e+02 3.696700e-24
2.261300e+02 3.712000e-24
2.282200e+02 3.727900e-24
2.303400e+02 3.745400e-24
2.324700e+02 3.761500e-24
2.346200e+02 3.779400e-24
2.368000e+02 3.797900e-24
2.389900e+02 3.816200e-24
2.412000e+02 3.836300e-24
2.434400e+02 3.856200e-24
2.456900e+02 3.877000e-24
2.479700e+02 3.898600e-24
2.502600e+02 3.920000e-24
2.525800e+02 3.943400e-24
2.549200e+02 3.966600e-24
2.572800e+02 3.990800e-24
2.596700e+02 4.014800e-24
2.620700e+02 4.040800e-24
2.645000e+02 4.066700e-24
2.669500e+02 4.093600e-24
2.694200e+02 4.121300e-24
2.719200e+02 4.150100e-24
2.744300e+02 4.178800e-24
2.769800e+02 4.208400e-24
2.795400e+02 4.239000e-24
2.821300e+02 4.270500e-24
2.847400e+02 4.302000e-24
2.873800e+02 4.335500e-24
2.900400e+02 4.369000e-24
2.927300e+02 4.403400e-24
2.954400e+02 4.437800e-24
2.981800e+02 4.474200e-24
3.009400e+02 4.517000e-24
3.037300e+02 4.554000e-24
3.065400e+02 4.591000e-24
3.093800e+02 4.630000e-24
3.122400e+02 4.669000e-24
3.151400e+02 4.709000e-24
3.180600e+02 4.750000e-24
3.210000e+02 4.792000e-24
3.239700e+02 4.834000e-24
3.269700e+02 4.878000e-24
3.300000e+02 4.922000e-24
3.330600e+02 4.966000e-24
3.361400e+02 5.012000e-24
3.392600e+02 5.058000e-24
3.424000e+02 5.106000e-24
3.455700e+02 5.154000e-24
3.487700e+02 5.202000e-24
3.520000e+02 5.252000e-24
3.552600e+02 5.303000e-24
3.585500e+02 5.354000e-24
3.618700e+02 5.406000e-24
3.652300e+02 5.460000e-24
3.686100e+02 5.514000e-24
3.720200e+02 5.569000e-24
3.754700e+02 5.626000e-24
3.789500e+02 5.684000e-24
3.824600e+02 5.745000e-24
3.860000e+02 5.808000e-24
3.895700e+02 5.875000e-24
3.931800e+02 5.950000e-24
3.968200e+02 6.040000e-24
4.005000e+02 6.173000e-24
4.042100e+02 6.232500e-24
4.079500e+02 6.292400e-24
4.117300e+02 6.353100e-24
4.155500e+02 6.414400e-24
4.193900e+02 6.476000e-24
4.232800e+02 6.462000e-24
4.272000e+02 6.496000e-24
4.311600e+02 6.546000e-24
4.351500e+02 6.604000e-24
4.391800e+02 6.666000e-24
4.432500e+02 6.731000e-24
4.473500e+02 6.797000e-24
4.515000e+02 6.865000e-24
4.556800e+02 6.934000e-24
4.599000e+02 7.005000e-24
4.641600e+02 7.076000e-24
4.684600e+02 7.148000e-24
4.728000e+02 7.221000e-24
4.771800e+02 7.295000e-24
4.816000e+02 7.370000e-24
4.860600e+02 7.445000e-24
4.905600e+02 7.522000e-24
4.951000e+02 7.599000e-24
4.996900e+02 7.677000e-24
5.043200e+02 7.756000e-24
5.089900e+02 7.835000e-24
5.137000e+02 7.916000e-24
5.184600e+02 7.997000e-24
5.232600e+02 8.079000e-24
5.281100e+02 8.162000e-24
5.330000e+02 8.246000e-24
5.379400e+02 8.330000e-24
5.429200e+02 8.416000e-24
5.479500e+02 8.502000e-24
5.530200e+02 8.589000e-24
5.581400e+02 8.677000e-24
5.633100e+02 8.766000e-24
5.685300e+02 8.856000e-24
5.738000e+02 8.946000e-24
5.791100e+02 9.038000e-24
5.844800e+02 9.130000e-24
5.898900e+02 9.223000e-24
5.953500e+02 9.317000e-24
6.008700e+02 9.412000e-24
6.064300e+02 9.508000e-24
6.120500e+02 9.604000e-24
6.177200e+02 9.702000e-24
6.234400e+02 9.800000e-24
6.292100e+02 9.900000e-24
6.350400e+02 1.000000e-23
6.409200e+02 1.010000e-23
6.468600e+02 1.020000e-23
6.528500e+02 1.031000e-23
6.589000e+02 1.041000e-23
6.650000e+02 1.052000e-23
6.711600e+02 1.062000e-23
6.773800e+02 1.073000e-23
6.836500e+02 1.084000e-23
6.899800e+02 1.095000e-23
6.963700e+02 1.106000e-23
7.028200e+02 1.117000e-23
7.093300e+02 1.128000e-23
7.159000e+02 1.140000e-23
7.225300e+02 1.153000e-23
7.292300e+02 1.164100e-23
7.359800e+02 1.175300e-23
7.428000e+02 1.186600e-23
7.496800e+02 1.198000e-23
7.566200e+02 1.209000e-23
7.636300e+02 1.221000e-23
7.707000e+02 1.233000e-23
7.778400e+02 1.245000e-23
7.850500e+02 1.258000e-23
7.923200e+02 1.270000e-23
7.996600e+02 1.283000e-23
8.070600e+02 1.295000e-23
8.145400e+02 1.308000e-23
8.220800e+02 1.321000e-23
8.297000e+02 1.334000e-23
8.373800e+02 1.347000e-23
8.451400e+02 1.361000e-23
8.529600e+02 1.374000e-23
8.608600e+02 1.388000e-23
8.688400e+02 1.401000e-23
8.768900e+02 1.415000e-23
8.850100e+02 1.429000e-23
8.932000e+02 1.443000e-23
9.014800e+02 1.457000e-23
9.098300e+02 1.471000e-23
9.182500e+02 1.486000e-23
9.267600e+02 1.500000e-23
9.353400e+02 1.515000e-23
9.440100e+02 1.529000e-23
9.527500e+02 1.544000e-23
9.615700e+02 1.559000e-23
9.704800e+02 1.575000e-23
9.794700e+02 1.590000e-23
9.885400e+02 1.605000e-23
9.977000e+02 1.621000e-23
1.006900e+03 1.637000e-23
1.016300e+03 1.652000e-23
1.025700e+03 1.668000e-23
1.035200e+03 1.685000e-23
1.044800e+03 1.709000e-23
1.054400e+03 1.717000e-23
1.064200e+03 1.734000e-23
1.074100e+03 1.751000e-23
1.084000e+03 1.768000e-23
1.094100e+03 1.785000e-23
1.104200e+03 1.802000e-23
1.114400e+03 1.819000e-23
1.124700e+03 1.837000e-23
1.135200e+03 1.855000e-23
1.145700e+03 1.875000e-23
1.156300e+03 1.893000e-23
1.167000e+03 1.909000e-23
1.177800e+03 1.927000e-23
1.188700e+03 1.945000e-23
1.199700e+03 1.964000e-23
1.210800e+03 1.983000e-23
1.222000e+03 2.002000e-23
1.233400e+03 2.021000e-23
1.244800e+03 2.040000e-23
1.256300e+03 2.060000e-23
1.268000e+03 2.079000e-23
1.279700e+03 2.099000e-23
1.291500e+03 2.119000e-23
1.303500e+03 2.139000e-23
1.315600e+03 2.160000e-23
1.327800e+03 2.180000e-23
1.340100e+03 2.201000e-23
1.352500e+03 2.222000e-23
1.365000e+03 2.243000e-23
1.377700e+03 2.264000e-23
1.390400e+03 2.286000e-23
1.403300e+03 2.308000e-23
1.416300e+03 2.330000e-23
1.429400e+03 2.352000e-23
1.442600e+03 2.374000e-23
1.456000e+03 2.397000e-23
1.469500e+03 2.419000e-23
1.483100e+03 2.442000e-23
1.496800e+03 2.465000e-23
1.510700e+03 2.489000e-23
1.524700e+03 2.512000e-23
1.538800e+03 2.536000e-23
1.553100e+03 2.560000e-23
1.567500e+03 2.584000e-23
1.582000e+03 2.609000e-23
1.596600e+03 2.633000e-23
1.611400e+03 2.658000e-23
1.626300e+03 2.684000e-23
1.641400e+03 2.709000e-23
1.656600e+03 2.735000e-23
1.671900e+03 2.762000e-23
1.687400e+03 2.786000e-23
1.703100e+03 2.813000e-23
1.718800e+03 2.839000e-23
1.734800e+03 2.866000e-23
1.750800e+03 2.893000e-23
1.767000e+03 2.920000e-23
1.783400e+03 2.948000e-23
1.799900e+03 2.975000e-23
1.816600e+03 3.003000e-23
1.833400e+03 3.032000e-23
1.850400e+03 3.060000e-23
1.867500e+03 3.089000e-23
1.884800e+03 3.118000e-23
1.902300e+03 3.147000e-23
1.919900e+03 3.177000e-23
1.937700e+03 3.207000e-23
1.955700e+03 3.237000e-23
1.973800e+03 3.267000e-23
1.992000e+03 3.298000e-23
2.010500e+03 3.329000e-23
2.029100e+03 3.360000e-23
2.047900e+03 3.391000e-23
2.066900e+03 3.423000e-23
2.086000e+03 3.455000e-23
2.105300e+03 3.488000e-23
2.124800e+03 3.520000e-23
2.144500e+03 3.553000e-23
2.164400e+03 3.587000e-23
2.184400e+03 3.620000e-23
2.204700e+03 3.654000e-23
2.225100e+03 3.688000e-23
2.245700e+03 3.723000e-23
2.266500e+03 3.758000e-23
2.287500e+03 3.794000e-23
2.308700e+03 3.829000e-23
2.330100e+03 3.864000e-23
2.351600e+03 3.900000e-23
2.373400e+03 3.937000e-23
2.395400e+03 3.974000e-23
2.417600e+03 4.011000e-23
2.440000e+03 4.048000e-23
2.462600e+03 4.086000e-23
2.485400e+03 4.124000e-23
2.508400e+03 4.163000e-23
2.531600e+03 4.202000e-23
2.555100e+03 4.241000e-23
2.578800e+03 4.281000e-23
2.602600e+03 4.321000e-23
2.626800e+03 4.361000e-23
2.651100e+03 4.402000e-23
2.675600e+03 4.443000e-23
2.700400e+03 4.484000e-23
2.725400e+03 4.526000e-23
2.750700e+03 4.568000e-23
2.776200e+03 4.611000e-23
2.801900e+03 4.654000e-23
2.827800e+03 4.697000e-23
2.854000e+03 4.741000e-23
2.880400e+03 4.785000e-23
2.907100e+03 4.830000e-23
2.934000e+03 4.875000e-23
2.961200e+03 4.920000e-23
2.988700e+03 4.966000e-23
3.016300e+03 5.013000e-23
3.044300e+03 5.059000e-23
3.072500e+03 5.106000e-23
3.100900e+03 5.154000e-23
3.129600e+03 5.202000e-23
3.158600e+03 5.250000e-23
3.187900e+03 5.299000e-23
3.217400e+03 5.349000e-23
3.247200e+03 5.398000e-23
3.277300e+03 5.449000e-23
3.307600e+03 5.499000e-23
3.338300e+03 5.550000e-23
3.369200e+03 5.602000e-23
3.400400e+03 5.654000e-23
3.431900e+03 5.707000e-23
3.463700e+03 5.760000e-23
3.495800e+03 5.814000e-23
3.528200e+03 5.868000e-23
3.560800e+03 5.922000e-23
3.593800e+03 5.977000e-23
3.627100e+03 6.033000e-23
3.660700e+03 6.089000e-23
3.694600e+03 6.146000e-23
3.728800e+03 6.203000e-23
3.763400e+03 6.260000e-23
3.798200e+03 6.319000e-23
3.833400e+03 6.379000e-23
3.868900e+03 6.437000e-23
3.904700e+03 6.497000e-23
3.940900e+03 6.557000e-23
3.977400e+03 6.618000e-23
4.014200e+03 6.679000e-23
4.051400e+03 6.741000e-23
4.088900e+03 6.804000e-23
4.126800e+03 6.867000e-23
4.165000e+03 6.931000e-23
4.203600e+03 6.996000e-23
4.242600e+03 7.061000e-23
4.281900e+03 7.126000e-23
4.321500e+03 7.192000e-23
4.361500e+03 7.259000e-23
4.401900e+03 7.327000e-23
4.442700e+03 7.395000e-23
4.483900e+03 7.463000e-23
4.525400e+03 7.533000e-23
4.567300e+03 7.603000e-23
4.609600e+03 7.673000e-23
4.652300e+03 7.744000e-23
4.695400e+03 7.816000e-23
4.738900e+03 7.889000e-23
4.782800e+03 7.962000e-23
4.827100e+03 8.036000e-23
4.871800e+03 8.111000e-23
4.916900e+03 8.186000e-23
4.962400e+03 8.262000e-23
5.008400e+03 8.339000e-23
5.054800e+03 8.416000e-23
5.101600e+03 8.494000e-23
5.148900e+03 8.573000e-23
5.196600e+03 8.653000e-23
5.244700e+03 8.733000e-23
5.293300e+03 8.814000e-23
5.342300e+03 8.896000e-23
5.391800e+03 8.978000e-23
5.441700e+03 9.062000e-23
5.492100e+03 9.146000e-23
5.543000e+03 9.231000e-23
5.594300e+03 9.316000e-23
5.646100e+03 9.403000e-23
5.698400e+03 9.490000e-23
5.751200e+03 9.578000e-23
5.804500e+03 9.667000e-23
5.858200e+03 9.757000e-23
5.912500e+03 9.847000e-23
5.967300e+03 9.938000e-23
6.022500e+03 1.003000e-22
6.078300e+03 1.012000e-22
6.134600e+03 1.022000e-22
6.191400e+03 1.031000e-22
6.248800e+03 1.041000e-22
6.306700e+03 1.050000e-22
6.365100e+03 1.060000e-22
6.424000e+03 1.070000e-22
6.483500e+03 1.080000e-22
6.543600e+03 1.090000e-22
6.604200e+03 1.100000e-22
6.665400e+03 1.110000e-22
6.727100e+03 1.121000e-22
6.789400e+03 1.131000e-22
6.852300e+03 1.141000e-22
6.915800e+03 1.152000e-22
6.979800e+03 1.163000e-22
7.044500e+03 1.173000e-22
7.109700e+03 1.184000e-22
7.175600e+03 1.195000e-22
7.242000e+03 1.206000e-22
7.309100e+03 1.218000e-22
7.376800e+03 1.229000e-22
7.445100e+03 1.240000e-22
7.514100e+03 1.252000e-22
7.583700e+03 1.263000e-22
7.653900e+03 1.275000e-22
7.724800e+03 1.287000e-22
7.796400e+03 1.299000e-22
7.868600e+03 1.311000e-22
7.941500e+03 1.323000e-22
8.015000e+03 1.335000e-22
8.089200e+03 1.348000e-22
8.164200e+03 1.360000e-22
8.239800e+03 1.373000e-22
8.316100e+03 1.386000e-22
8.393100e+03 1.398000e-22
8.470900e+03 1.411000e-22
8.549300e+03 1.424000e-22
8.628500e+03 1.438000e-22
8.708400e+03 1.451000e-22
8.789100e+03 1.464000e-22
8.870500e+03 1.478000e-22
8.952700e+03 1.492000e-22
9.035600e+03 1.506000e-22
9.119300e+03 1.519000e-22
9.203700e+03 1.534000e-22
9.289000e+03 1.548000e-22
9.375000e+03 1.562000e-22
9.461800e+03 1.577000e-22
9.549500e+03 1.591000e-22
9.637900e+03 1.606000e-22
9.727200e+03 1.621000e-22
9.817300e+03 1.636000e-22
9.908200e+03 1.651000e-22
1.000000e+04 1.666000e-22
